N°chrono,nom,prénom,adresse,"code postal",ville,montant,"N° de Transaction Paypal"
eC-2016-04-1,test,test,test,07537,test,54,9NK50531S98399817
